8.346522727
3.634613636
6.725545455
11.85025
14.668
12.20263636
12.97788636
3.473522727
1.235295455
7.279295455
14.44581818
9.977568182
2.798954545
8.980818182
12.30331818
8.719045455
7.994136364
10.04804545
8.366659091
4.218568182
9.474159091
6.594659091
3.775568182
14.66370455
8.97075
8.708977273
8.97075
8.708977273
11.48779545
17.42802273
4.621159091
21.08277273
6.594659091
18.23347727
4.913272727
3.906454545
5.668386364
9.776204545
18.96845455
24.81806818
3.141272727
0.624227273
19.44165909
1.530363636
2.899636364
1.238386364
0.765181818
3.515136364
8.1465
2.678136364
1.258522727
0.745045455
1.923022727
5.658318182
1.681386364
3.554068182
1.701522727
0.583954545
1.127636364
8.578090909
2.335818182
4.349454545
5.547568182
2.154590909
9.282863636
15.17731818
14.75995455
8.477409091
3.866181818
2.527113636
5.416681818
2.839227273
2.54725
2.235136364
10.69240909
1.238386364
6.705409091
25.67386364
0.024666799
0.366819176
0.279291824
0.605530137
0.1241297
0.326940521
0.19034812
1.446116968
1.463741794
0.109273921
0.639781182
0.688249453
0.67943704
1.036339765
0.090613636
0.133067436


